144510 7 2000 
     2  1  1
sta     UTM east UTM north   elev m.  press hP   T deg C   dir deg   spd m/s  latitude  longitud   T deg F  prss msl  altim in 
MS9      722.32   5200.41    900.00    896.00     -0.28    150.60      2.50     40.29   -112.37     31.50   1004.20     29.63
MS8      725.00   5275.00    325.00    978.00      6.28    290.60     15.00     40.29   -112.37     42.50   1003.20     29.61
  
     722.32   5200.00    900.00     40.63   -111.86
  226  WHEE 
   ht-m    dir.   spd-m/s
    900    151     2.5
    918    105     3.0
    932     82     3.2
    946     76     3.4
    962     67     3.6
    978     61     4.5
    995     56     5.2
   1011     53     5.7
   1025     50     5.7
   1037     49     5.4
   1049     48     4.9
   1064     46     4.3
   1080     44     3.8
   1094     41     3.3
   1106     37     2.8
   1121     32     2.3
   1137     24     1.8
   1155      4     1.2
   1169    335     0.8
   1182    288     0.5
   1196    234     0.6
   1210    223     0.7
   1224    220     0.7
   1237    217     0.8
   1251    212     0.9
   1265    206     1.0
   1281    203     1.1
   1296    202     1.1
   1312    203     1.1
   1326    202     1.2
   1337    200     1.2
   1351    197     1.2
   1363    196     1.1
   1379    196     1.0
   1394    195     0.9
   1406    192     0.9
   1418    187     0.9
   1434    177     1.0
   1448    166     1.2
   1461    160     1.3
   1477    155     1.4
   1489    156     1.4
   1503    165     1.4
   1514    175     1.4
   1532    193     1.5
   1544    209     1.6
   1556    218     1.7
   1567    225     1.7
   1581    231     1.8
   1595    234     1.7
   1612    234     1.5
   1626    226     1.1
   1638    210     0.9
   1650    187     0.7
   1665    153     0.8
   1679    129     0.9
   1691    111     1.3
   1703    104     1.5
   1718    101     1.9
   1730    102     2.0
   1742    105     2.0
   1754    106     2.0
   1767    108     1.9
   1783    113     1.7
   1797    120     1.6
   1809    128     1.4
   1822    140     1.3
   1834    153     1.2
   1846    168     1.2
   1858    179     1.3
   1869    188     1.4
   1881    193     1.5
   1895    197     1.6
   1907    198     1.6
   1920    198     1.7
   1934    198     1.8
   1946    197     2.0
   1962    195     2.1
   1975    192     2.3
   1987    190     2.3
   2001    187     2.4
   2117    184     2.4
   2130    183     2.6
   2146    182     2.7
   2160    181     2.8
   2172    180     3.0
   2189    179     3.0
   2201    176     3.0
   2215    173     3.0
   2229    169     2.9
   2241    167     2.9
   2254    165     2.9
   2270    165     2.9
   2284    167     2.8
   2300    171     2.7
   2312    173     2.6
   2327    177     2.5
   2339    179     2.4
   2353    180     2.3
   2367    181     2.3
   2381    180     2.2
   2393    178     2.1
   2408    176     2.1
   2422    174     2.1
   2438    172     2.1
   2452    169     2.2
   2468    167     2.2
   2482    166     2.2
   2494    166     2.2
   2505    168     2.2
   2519    172     2.3
   2533    174     2.5
   2547    175     2.7
   2559    175     2.8
   2573    174     3.0
   2587    173     3.1
   2599    173     3.1
   3015    174     3.1
   3026    176     3.1
   3040    179     3.0
   3056    182     2.9
   3070    184     2.8
   3084    185     2.7
   3096    185     2.7
   3108    185     2.7
   3122    184     2.7
   3136    181     2.6
   3152    178     2.6
   3166    176     2.4
   3178    175     2.3
   3194    174     2.2
   3206    174     2.1
   3224    175     2.0
   3236    176     1.9
   3252    177     1.8
   3266    177     1.7
   3278    178     1.6
   3290    179     1.5
   3304    180     1.4
   3320    179     1.3
   3332    177     1.3
   3344    173     1.3
   3360    165     1.3
   3374    160     1.3
   3386    155     1.3
   3398    151     1.3
   3410    149     1.3
   3426    144     1.3
   3438    138     1.3
   3452    127     1.3
   3464    117     1.3
   3476    107     1.3
   3490     97     1.3
   3506     84     1.3
   3517     78     1.4
   3533     74     1.6
   3549     74     1.7
   3561     75     1.8
   3573     76     1.8
   3587     78     1.9
   3599     79     1.8
   3614     79     1.7
   3626     79     1.5
   3642     79     1.3
   3658     78     1.0
   3672     77     0.9
   3684     75     0.6
   3696     73     0.5
   3709      0     0.0
   3723      0     0.0
   3737      0     0.0
   3749      0     0.0
   3765      0     0.0
   3778    224     0.5
   3792    231     0.6
   3808    237     0.7
   3824    242     0.8
   3836    244     1.0
   3847    244     1.1
   3861    239     1.2
   3873    234     1.3
   3887    224     1.4
   3901    217     1.6
   3912    213     1.8
   3928    210     2.1
   3942    209     2.4
   3958    209     2.7
   3973    209     2.9
   3989    209     3.1
   4003    209     3.0
   4015    211     2.9
   4028    213     2.7
   4040    215     2.6
   4056    218     2.5
   4067    220     2.4
   4079    221     2.2
   4091    222     2.1
   4107    223     2.0
   4122    226     1.8
   4134    230     1.6
   4148    234     1.5
   4159    240     1.4
   4171    244     1.3
   4187    249     1.3
   4198    254     1.2
   4214    260     1.1
   4228    265     1.1
   4243    268     1.1
   4257    272     1.1
   4272    277     1.1
   4286    285     1.1
   4301    295     1.3
   4313    301     1.4
   4325    306     1.5
   4336    312     1.6
   4354    315     1.8
   4367    317     1.9
   4381    318     2.0
   4395    319     2.1
   4406    318     2.1
   4420    314     2.1
   4433    308     2.0
   4449    302     2.0
   4464    296     2.0
   4476    293     2.1
   4491    289     2.1

     722.32   5200.00    900.00     40.63   -111.86
  240    2  WHEE 
    ht-m   temp.-C pr-mb
    900    10.9      863.00
    914    10.9      869.80
    931    10.5      868.10
    943    10.5      866.90
    955    10.4      865.60
    969    10.4      864.10
    981    10.4      862.90
    996    10.4      861.40
   1010    10.2      859.90
   1024    10.2      858.40
   1040    10.3      856.80
   1056    10.2      855.10
   1067    10.3      854.10
   1081    10.1      852.60
   1093    10.2      851.40
   1105    10.0      850.10
   1119    10.0      848.70
   1135    10.2      847.00
   1148    10.1      845.80
   1160    10.2      844.50
   1174    10.2      843.10
   1186    10.6      841.80
   1198    10.6      840.60
   1209    10.7      839.60
   1221    11.0      838.40
   1235    11.1      836.90
   1249    11.3      835.50
   1263    11.3      834.10
   1276    11.2      832.80
   1290    11.2      831.40
   1304    10.9      830.00
   1318    10.9      828.60
   1329    10.9      827.60
   1343    10.8      826.20
   1357    11.0      824.80
   1371    11.0      823.30
   1386    11.1      821.90
   1398    11.1      820.70
   1412    11.1      819.30
   1424    11.2      818.10
   1438    11.1      816.70
   1449    11.0      815.70
   1461    10.9      814.60
   1473    11.0      813.40
   1485    11.2      812.20
   1497    11.3      811.00
   1508    11.4      810.00
   1520    11.2      808.80
   1534    11.3      807.40
   1546    11.4      806.20
   1561    11.4      804.90
   1575    11.6      803.50
   1589    11.5      802.10
   1607    11.5      800.40
   1618    11.6      799.40
   1634    11.7      797.80
   1648    11.7      796.50
   1662    11.6      795.10
   1673    11.8      794.10
   1687    11.7      792.80
   1701    11.7      791.40
   1713    11.8      790.30
   1730    11.5      788.70
   1744    11.3      787.40
   1756    11.4      786.20
   1770    11.4      784.90
   1781    11.3      783.90
   1795    11.5      782.60
   1809    11.8      781.20
   1821    11.6      780.10
   1832    11.7      779.10
   1846    11.7      777.80
   1862    11.5      776.30
   1876    11.4      775.00
   1887    11.4      774.00
   1899    11.3      772.90
   1913    11.2      771.60
   1927    11.2      770.30
   1939    11.0      769.10
   1950    10.9      768.20
   1962    10.7      767.10
   1974    10.6      765.90
   1988    10.6      764.60
   2000    10.4      763.50
   2015    10.3      762.20
   2027    10.3      761.10
   2039    10.2      760.00
   2055    10.1      758.50
   2067    10.1      757.40
   2081    10.0      756.10
   2094    10.0      755.00
   2106     9.9      753.90
   2120    10.0      752.60
   2134    10.0      751.30
   2148    10.1      750.00
   2160    10.0      748.90
   2173     9.9      747.80
   2187     9.9      746.60
   2199     9.8      745.50
   2213     9.6      744.20
   2225     9.6      743.10
   2237     9.6      742.00
   2249     9.6      740.90
   2260     9.7      740.00
   2272     9.5      738.90
   2286     9.4      737.70
   2300     9.3      736.40
   2314     9.2      735.20
   2326     9.1      734.10
   2338     9.0      733.00
   2355     9.1      731.60
   2369     9.0      730.30
   2381     9.1      729.30
   2395     9.0      728.00
   2409     8.9      726.80
   2423     8.6      725.50
   2435     8.7      724.50
   2447     8.5      723.40
   2461     8.4      722.20
   2473     8.4      721.10
   2484     8.3      720.20
   2496     8.2      719.20
   2508     8.0      718.10
   2520     7.9      717.10
   2534     7.8      715.90
   2546     7.7      714.80
   2558     7.7      713.80
   2572     7.6      712.50
   2584     7.5      711.50
   2598     7.4      710.30
   3010     7.4      709.30
   3122     7.3      708.20
   3134     7.4      707.20
   3146     7.3      706.10
   3158     7.2      705.10
   3170     7.2      704.10
   3182     7.0      703.00
   3196     6.9      701.80
   3208     7.0      700.80
   3224     6.7      699.40
   3236     6.4      698.40
   3250     6.2      697.20
   3262     6.2      696.20
   3276     6.3      695.00
   3288     6.2      694.00
   3300     6.1      693.00
   3314     5.9      691.80
   3328     5.8      690.60
   3342     5.6      689.40
   3354     5.3      688.40
   3368     5.3      687.30
   3382     5.2      686.10
   3396     5.0      684.90
   3410     4.7      683.70
   3424     4.8      682.60
   3436     4.8      681.60
   3448     4.8      680.60
   3462     4.8      679.40
   3473     4.7      678.40
   3487     4.4      677.30
   3499     4.2      676.30
   3511     4.1      675.30
   3523     3.9      674.30
   3537     3.7      673.10
   3549     3.7      672.20
   3561     3.7      671.20
   3577     3.6      669.90
   3588     3.6      668.90
   3600     3.5      667.90
   3612     3.4      666.90
   3626     3.3      665.80
   3640     3.3      664.70
   3652     3.2      663.70
   3666     3.2      662.50
   3677     2.9      661.60
   3691     2.9      660.40
   3705     2.8      659.30
   3717     2.7      658.40
   3731     2.5      657.20
   3744     2.5      656.10
   3756     2.5      655.10
   3770     2.5      654.00
   3782     2.4      653.10
   3794     2.2      652.10
   3807     2.1      651.00
   3821     2.0      649.90
   3835     1.8      648.80
   3847     1.8      647.80
   3859     1.6      646.90
   3872     1.5      645.80
   3886     1.4      644.70
   3898     1.4      643.70
   3912     1.3      642.60
   3923     1.3      641.70
   3937     1.0      640.60
   3949     1.0      639.70
   3961     1.0      638.70
   3972     0.9      637.80
   3984     1.0      636.90
   3996     0.9      635.90
   4010     0.8      634.80
   4023     0.8      633.80
   4035     0.8      632.80
   4049     0.6      631.70
   4063     0.1      630.70
   4076     0.3      629.60
   4088    -0.1      628.70
   4102    -0.2      627.60
   4113    -0.3      626.70
   4125    -0.4      625.80
   4137    -0.4      624.80
   4148    -0.7      623.90
   4160    -0.8      623.00
   4172    -0.9      622.10
   4183    -0.9      621.20
   4195    -1.1      620.30
   4207    -1.1      619.40
   4219    -1.3      618.50
   4230    -1.3      617.60
   4242    -1.5      616.70
   4255    -1.3      615.60
   4269    -1.4      614.60
   4283    -1.6      613.50
   4294    -1.9      612.60
   4306    -1.9      611.70
   4318    -2.1      610.80
   4331    -2.1      609.80
   4345    -2.2      608.70
   4356    -2.2      607.80
   4370    -2.3      606.80
   4382    -2.3      605.90
   4395    -2.3      604.90
   4407    -2.4      604.00
   4418    -2.3      603.10
   4430    -2.5      602.20
   4445    -2.7      601.10
   4457    -2.7      600.20
   4469    -2.7      599.30
   4482    -2.9      598.30
   4496    -2.9      597.20
