210001 5 2003
    71  71  71
sta     UTM east UTM north   elev m.  press hP   T deg C   dir deg   spd m/s  latitude  longitud   T deg F  prss msl  altim in
MOD      422.40   4811.69    791.00    858.52      7.22    326.88      2.33     43.45   -117.96  -9999.00  -9999.00  -9999.00
MOD      498.42   4823.92    608.00    911.08      7.72    324.57      2.11     43.57   -117.02  -9999.00  -9999.00  -9999.00
MOD      486.05   4899.45    791.00    925.66      5.97    334.81      2.49     44.25   -117.17  -9999.00  -9999.00  -9999.00
MOD      473.79   4974.66   1104.00    863.40      4.72    318.66      2.23     44.92   -117.33  -9999.00  -9999.00  -9999.00
MOD      461.65   5049.54    882.00    874.52      5.97    273.65      1.72     45.60   -117.49  -9999.00  -9999.00  -9999.00
MOD      449.63   5124.07   1658.00    870.71      8.97    225.27      2.36     46.27   -117.65  -9999.00  -9999.00  -9999.00
MOD      437.74   5198.25   1645.00    952.58     11.22    216.42      2.68     46.93   -117.82  -9999.00  -9999.00  -9999.00
MOD      425.99   5272.06   1130.00    928.52     11.72    236.30      2.11     47.60   -117.98  -9999.00  -9999.00  -9999.00
MOD      574.33   4836.46    634.00    856.60      5.72    331.38      2.01     43.68   -116.08  -9999.00  -9999.00  -9999.00
MOD      561.63   4911.89    730.00    845.17      3.72    340.89      2.43     44.36   -116.23  -9999.00  -9999.00  -9999.00
MOD      549.03   4986.99    754.00    838.83      2.97    327.54      2.33     45.03   -116.38  -9999.00  -9999.00  -9999.00
MOD      536.54   5061.76   1005.00    896.14      4.22    292.90      1.68     45.71   -116.53  -9999.00  -9999.00  -9999.00
MOD      524.16   5136.17   1339.00    923.81      6.72    243.34      2.02     46.38   -116.69  -9999.00  -9999.00  -9999.00
MOD      511.90   5210.22   1462.00    903.52      8.97    228.83      2.57     47.05   -116.84  -9999.00  -9999.00  -9999.00
MOD      499.77   5283.90   1640.00    924.77      9.47    239.20      2.34     47.71   -117.00  -9999.00  -9999.00  -9999.00
MOD      487.77   5357.20   1279.00    900.08      7.72    295.32      1.13     48.37   -117.17  -9999.00  -9999.00  -9999.00
MOD      475.91   5430.11    937.00    879.40      3.97      7.38      1.98     49.02   -117.33  -9999.00  -9999.00  -9999.00
MOD      650.14   4849.34    547.00    778.83      2.47    322.69      2.44     43.78   -115.13  -9999.00  -9999.00  -9999.00
MOD      637.10   4924.68    706.00    772.27      0.22    342.23      2.68     44.46   -115.28  -9999.00  -9999.00  -9999.00
MOD      624.16   4999.68   1194.00    772.59     -0.03    330.17      2.57     45.14   -115.42  -9999.00  -9999.00  -9999.00
MOD      611.31   5074.33   1949.00    841.65      1.72    305.69      2.35     45.81   -115.57  -9999.00  -9999.00  -9999.00
MOD      598.57   5148.63   1318.00    864.67      4.22    277.67      2.27     46.48   -115.72  -9999.00  -9999.00  -9999.00
MOD      585.94   5222.57   1034.00    853.98      6.47    252.80      2.45     47.15   -115.87  -9999.00  -9999.00  -9999.00
MOD      573.42   5296.12   2149.00    873.96      7.47    245.52      2.26     47.81   -116.02  -9999.00  -9999.00  -9999.00
MOD      561.03   5369.29   1096.00    861.22      6.22    303.55      0.58     48.47   -116.17  -9999.00  -9999.00  -9999.00
MOD      548.76   5442.07   1035.00    873.52      2.22     34.17      1.57     49.13   -116.33  -9999.00  -9999.00  -9999.00
MOD      725.86   4862.56    548.00    737.04      0.72    301.57      2.18     43.88   -114.19  -9999.00  -9999.00  -9999.00
MOD      712.49   4937.81    791.00    786.12     -1.53    330.63      2.57     44.56   -114.32  -9999.00  -9999.00  -9999.00
MOD      699.19   5012.72    913.00    793.92     -1.28    330.57      2.57     45.24   -114.46  -9999.00  -9999.00  -9999.00
MOD      685.98   5087.28   1289.00    815.69      0.47    318.03      2.57     45.91   -114.60  -9999.00  -9999.00  -9999.00
MOD      672.87   5161.48   1767.00    825.05      2.47    292.30      2.24     46.58   -114.74  -9999.00  -9999.00  -9999.00
MOD      659.86   5235.30   1310.00    860.94      4.47    265.81      1.93     47.25   -114.89  -9999.00  -9999.00  -9999.00
MOD      646.95   5308.75   1797.00    857.90      5.72    234.24      1.33     47.92   -115.03  -9999.00  -9999.00  -9999.00
MOD      634.16   5381.80   1157.00    857.52      4.97     99.98      0.34     48.57   -115.18  -9999.00  -9999.00  -9999.00
MOD      801.51   4876.12   1307.00    772.66      1.47    266.51      1.93     43.98   -113.24  -9999.00  -9999.00  -9999.00
MOD      787.79   4951.30    913.00    747.94     -0.03    312.00      1.82     44.66   -113.37  -9999.00  -9999.00  -9999.00
MOD      774.14   5026.13    794.00    787.52     -0.03    334.62      2.25     45.34   -113.50  -9999.00  -9999.00  -9999.00
MOD      760.56   5100.60   1855.00    771.58      0.97    334.56      2.25     46.01   -113.63  -9999.00  -9999.00  -9999.00
MOD      747.07   5174.71   2312.00    832.14      1.72    326.10      1.55     46.68   -113.77  -9999.00  -9999.00  -9999.00
MOD      733.67   5248.43   1874.00    813.72      3.22    247.88      0.44     47.35   -113.91  -9999.00  -9999.00  -9999.00
MOD      720.37   5321.77   1573.00    892.78      4.47    167.15      0.86     48.01   -114.05  -9999.00  -9999.00  -9999.00
MOD      707.17   5394.72   1190.00    859.11      4.72    100.35      1.13     48.67   -114.19  -9999.00  -9999.00  -9999.00
MOD      877.09   4890.03   2124.00    839.52      2.22    241.20      2.34     44.07   -112.29  -9999.00  -9999.00  -9999.00
MOD      863.01   4965.14   2125.00    774.74      1.72    285.55      1.01     44.75   -112.41  -9999.00  -9999.00  -9999.00
MOD      849.00   5039.90   2285.00    839.52      1.97    355.10      1.64     45.43   -112.54  -9999.00  -9999.00  -9999.00
MOD      835.06   5114.30   1373.00    802.87      2.22      9.35      1.98     46.10   -112.66  -9999.00  -9999.00  -9999.00
MOD      821.18   5188.32   1852.00    820.55      2.47     28.22      1.41     46.77   -112.79  -9999.00  -9999.00  -9999.00
MOD      807.39   5261.96   2472.00    799.02      3.22     88.17      1.08     47.44   -112.92  -9999.00  -9999.00  -9999.00
MOD      793.69   5335.21   2284.00    796.77      4.47    128.31      1.54     48.10   -113.05  -9999.00  -9999.00  -9999.00
MOD      780.08   5408.05   2384.00    835.73      5.72     97.46      1.37     48.76   -113.19  -9999.00  -9999.00  -9999.00
MOD      952.62   4904.29   1279.00    811.80      0.72    243.64      2.58     44.15   -111.34  -9999.00  -9999.00  -9999.00
MOD      938.18   4979.35   1847.00    758.88      1.22    256.42      0.93     44.83   -111.46  -9999.00  -9999.00  -9999.00
MOD      923.80   5054.05   1844.00    789.45      2.47     35.65      1.21     45.51   -111.57  -9999.00  -9999.00  -9999.00
MOD      909.47   5128.38   2494.00    836.74      3.22     41.42      2.10     46.19   -111.69  -9999.00  -9999.00  -9999.00
MOD      895.21   5202.33   2255.00    824.27      3.72     56.80      2.03     46.86   -111.81  -9999.00  -9999.00  -9999.00
MOD      881.02   5275.90   1845.00    872.67      4.22     93.95      1.86     47.52   -111.94  -9999.00  -9999.00  -9999.00
MOD      866.91   5349.06   1506.00    887.20      5.72    117.96      1.92     48.19   -112.06  -9999.00  -9999.00  -9999.00
MOD      852.88   5421.81   2070.00    873.76      7.22     95.56      1.61     48.85   -112.19  -9999.00  -9999.00  -9999.00
MOD     1028.09   4918.92    739.00    730.78     -1.03    260.30      1.93     44.23   -110.39  -9999.00  -9999.00  -9999.00
MOD     1013.29   4993.94   1436.00    767.52      0.22    275.30      0.69     44.91   -110.50  -9999.00  -9999.00  -9999.00
MOD      998.54   5068.59   2214.00    812.66      2.22     63.31      1.14     45.59   -110.61  -9999.00  -9999.00  -9999.00
MOD      983.83   5142.86   1527.00    822.52      4.22     71.21      1.86     46.27   -110.72  -9999.00  -9999.00  -9999.00
MOD      969.17   5216.75   2681.00    790.85      5.22     86.29      2.07     46.94   -110.84  -9999.00  -9999.00  -9999.00
MOD      954.58   5290.24   1944.00    900.83      6.22    101.71      1.92     47.61   -110.95  -9999.00  -9999.00  -9999.00
MOD      940.05   5363.33   1715.00    902.52      7.47    114.51      2.13     48.27   -111.07  -9999.00  -9999.00  -9999.00
MOD      925.60   5436.00   1678.00    870.38      8.47    104.30      1.69     48.93   -111.19  -9999.00  -9999.00  -9999.00
MOD     1058.12   5157.73   2500.00    867.59      5.72     94.88      1.86     46.34   -109.75  -9999.00  -9999.00  -9999.00
MOD     1043.07   5231.57   2379.00    872.52      6.97    102.17      1.92     47.01   -109.85  -9999.00  -9999.00  -9999.00
MOD     1028.06   5305.00   2011.00    902.52      7.97    112.30      1.79     47.68   -109.96  -9999.00  -9999.00  -9999.00
MOD     1013.12   5378.02   1968.00    916.52      8.72    123.59      1.72     48.35   -110.07  -9999.00  -9999.00  -9999.00
MOD      998.24   5450.62   2611.00    916.52      9.47    113.13      1.23     49.01   -110.18  -9999.00  -9999.00  -9999.00

     422.40   4811.69    791.00     43.45   -117.96
    9  MODEL
   ht-m    dir.   spd-m/s
    791    326     2.3
    998    333     3.6
   1474    331     4.1
   1970    341     5.4
   2491    339     5.4
   3037    334     4.6
   3613    327     3.4
   4224    311     2.5
   4877    319     1.2

     498.42   4823.92    608.00     43.57   -117.02
    9  MODEL
   ht-m    dir.   spd-m/s
    608    324     2.1
    994    331     3.2
   1470    331     4.1
   1967    333     5.4
   2487    330     5.9
   3033    332     5.7
   3609    333     4.4
   4221    333     3.6
   4874    348     2.8

     486.05   4899.45    791.00     44.25   -117.17
    9  MODEL
   ht-m    dir.   spd-m/s
    791    334     2.5
    996    334     3.6
   1472    334     4.0
   1967    334     4.8
   2486    331     5.4
   3031    332     5.7
   3607    329     4.4
   4219    326     3.2
   4873    336     2.6

     473.79   4974.66   1104.00     44.92   -117.33
    8  MODEL
   ht-m    dir.   spd-m/s
   1104    318     2.2
   1474    317     3.4
   1967    320     4.2
   2485    325     4.8
   3029    327     5.0
   3605    324     4.1
   4217    313     3.0
   4871    329     2.4

     461.65   5049.54    882.00     45.60   -117.49
    9  MODEL
   ht-m    dir.   spd-m/s
    882    273     1.7
   1002    278     3.2
   1475    288     3.5
   1967    303     4.2
   2483    322     3.8
   3027    330     3.6
   3603    328     2.9
   4216    324     2.4
   4870    335     2.3

     449.63   5124.07   1658.00     46.27   -117.65
    7  MODEL
   ht-m    dir.   spd-m/s
   1658    225     2.4
   1966    293     4.3
   2483    324     2.9
   3027    350     2.4
   3603    357     1.4
   4215    357     1.4
   4870    346     1.8

     437.74   5198.25   1645.00     46.93   -117.82
    7  MODEL
   ht-m    dir.   spd-m/s
   1645    216     2.7
   1965    300     4.1
   2483    326     3.1
   3027      2     2.4
   3604     36     1.7
   4216     55     1.0
   4871    357     1.0

     425.99   5272.06   1130.00     47.60   -117.98
    8  MODEL
   ht-m    dir.   spd-m/s
   1130    236     2.1
   1467    302     3.5
   1963    317     3.4
   2482    329     3.6
   3027    354     3.1
   3604     22     2.2
   4216     13     0.5
   4871    314     0.6

     574.33   4836.46    634.00     43.68   -116.08
    9  MODEL
   ht-m    dir.   spd-m/s
    634    331     2.0
    991    330     3.7
   1466    332     4.4
   1963    330     5.4
   2482    329     6.3
   3028    336     6.9
   3604    345     5.7
   4216    350     4.7
   4869    356     4.0

     561.63   4911.89    730.00     44.36   -116.23
    9  MODEL
   ht-m    dir.   spd-m/s
    730    340     2.4
    993    343     3.8
   1468    342     4.2
   1963    340     4.7
   2482    335     5.6
   3026    339     6.5
   3603    342     5.2
   4214    342     4.0
   4868    357     3.3

     549.03   4986.99    754.00     45.03   -116.38
    9  MODEL
   ht-m    dir.   spd-m/s
    754    327     2.3
    998    331     3.2
   1471    332     3.6
   1964    331     4.1
   2481    332     4.8
   3025    339     5.2
   3601    336     4.3
   4213    330     3.1
   4868    348     2.8

     536.54   5061.76   1005.00     45.71   -116.53
    8  MODEL
   ht-m    dir.   spd-m/s
   1005    292     1.7
   1473    300     3.4
   1965    313     3.9
   2481    334     3.7
   3024    346     3.1
   3600    338     2.7
   4212    336     2.2
   4867    347     2.3

     524.16   5136.17   1339.00     46.38   -116.69
    8  MODEL
   ht-m    dir.   spd-m/s
   1339    243     2.0
   1472    277     4.0
   1964    301     4.8
   2480    337     3.4
   3024      5     2.0
   3600     11     1.2
   4213     16     1.0
   4868      5     1.6

     511.90   5210.22   1462.00     47.05   -116.84
    8  MODEL
   ht-m    dir.   spd-m/s
   1462    228     2.6
   1469    272     4.4
   1963    295     5.0
   2480    329     3.6
   3025     12     2.0
   3601     61     1.3
   4214     99     1.0
   4869      5     0.5

     499.77   5283.90   1640.00     47.71   -117.00
    7  MODEL
   ht-m    dir.   spd-m/s
   1640    239     2.3
   1962    300     3.7
   2480    322     3.2
   3025    357     2.2
   3602     50     0.8
   4214    160     1.1
   4869    222     0.8

     487.77   5357.20   1279.00     48.37   -117.17
    8  MODEL
   ht-m    dir.   spd-m/s
   1279    295     1.1
   1466    328     2.3
   1961    347     2.1
   2480    342     2.1
   3025    344     2.4
   3601    331     1.0
   4214    225     1.0
   4869    245     0.9

     475.91   5430.11    937.00     49.02   -117.33
    9  MODEL
   ht-m    dir.   spd-m/s
    937      7     2.0
    997     19     2.0
   1469     16     2.6
   1962     35     2.6
   2479     43     1.8
   3024    358     1.9
   3601    331     1.7
   4214    310     0.9
   4870     27     0.6

     650.14   4849.34    547.00     43.78   -115.13
    9  MODEL
   ht-m    dir.   spd-m/s
    547    322     2.4
    988    324     4.5
   1462    325     4.9
   1958    326     5.6
   2477    330     6.5
   3022    343     7.5
   3598    355     5.9
   4210      0     4.2
   4864      9     3.7

     637.10   4924.68    706.00     44.46   -115.28
    9  MODEL
   ht-m    dir.   spd-m/s
    706    342     2.7
    990    341     4.5
   1464    340     4.7
   1959    338     5.0
   2477    338     5.7
   3021    347     7.2
   3598    358     5.7
   4210      1     3.7
   4864     17     3.1

     624.16   4999.68   1194.00     45.14   -115.42
    8  MODEL
   ht-m    dir.   spd-m/s
   1194    330     2.6
   1467    335     4.0
   1960    336     4.3
   2477    339     5.0
   3021    351     5.4
   3597    353     4.4
   4209    355     2.7
   4864     12     2.4

     611.31   5074.33   1949.00     45.81   -115.57
    7  MODEL
   ht-m    dir.   spd-m/s
   1949    305     2.3
   1961    320     4.2
   2477    343     3.9
   3021      0     3.2
   3597    356     2.2
   4209    357     1.7
   4864     13     1.6

     598.57   5148.63   1318.00     46.48   -115.72
    8  MODEL
   ht-m    dir.   spd-m/s
   1318    277     2.3
   1469    287     3.7
   1961    303     4.6
   2478    346     3.4
   3022     33     1.9
   3598     57     1.0
   4210     70     1.0
   4865     42     0.8

     585.94   5222.57   1034.00     47.15   -115.87
    8  MODEL
   ht-m    dir.   spd-m/s
   1034    252     2.5
   1466    273     4.2
   1960    295     4.7
   2478    335     2.9
   3023     54     1.4
   3599    107     1.9
   4212    123     1.6
   4867    112     0.4

     573.42   5296.12   2149.00     47.81   -116.02
    6  MODEL
   ht-m    dir.   spd-m/s
   2149    245     2.3
   2478    321     2.1
   3023     53     0.8
   3600    136     1.6
   4213    159     2.1
   4868    203     1.2

     561.03   5369.29   1096.00     48.47   -116.17
    8  MODEL
   ht-m    dir.   spd-m/s
   1096    303     0.6
   1464    316     1.1
   1960     14     0.9
   2479     44     0.6
   3024    105     0.3
   3600    182     1.6
   4213    195     2.6
   4868    213     1.7

     548.76   5442.07   1035.00     49.13   -116.33
    8  MODEL
   ht-m    dir.   spd-m/s
   1035     34     1.6
   1469     46     2.0
   1962     73     2.9
   2479    108     2.5
   3023    140     1.0
   3600    215     1.5
   4213    209     1.7
   4869    208     0.6

     725.86   4862.56    548.00     43.88   -114.19
    9  MODEL
   ht-m    dir.   spd-m/s
    548    301     2.2
    983    308     4.4
   1456    311     4.4
   1952    312     5.0
   2472    329     5.3
   3017    347     5.9
   3594      7     4.3
   4206     21     1.9
   4860     40     1.5

     712.49   4937.81    791.00     44.56   -114.32
    9  MODEL
   ht-m    dir.   spd-m/s
    791    330     2.6
    984    333     4.7
   1457    334     4.6
   1953    334     4.6
   2472    337     5.3
   3016    356     6.7
   3593     15     4.8
   4206     28     2.4
   4861     53     2.1

     699.19   5012.72    913.00     45.24   -114.46
    9  MODEL
   ht-m    dir.   spd-m/s
    913    330     2.6
    987    338     4.6
   1459    336     4.3
   1954    336     4.3
   2472    342     4.9
   3017      2     5.2
   3593     14     3.7
   4206     31     1.9
   4861     56     1.8

     685.98   5087.28   1289.00     45.91   -114.60
    8  MODEL
   ht-m    dir.   spd-m/s
   1289    318     2.6
   1462    326     3.8
   1956    327     4.0
   2473    347     4.1
   3017     21     3.0
   3594     37     2.0
   4207     45     1.2
   4862     68     1.2

     672.87   5161.48   1767.00     46.58   -114.74
    7  MODEL
   ht-m    dir.   spd-m/s
   1767    292     2.2
   1957    312     3.7
   2474    355     3.1
   3019     64     2.1
   3596     91     2.0
   4208     94     1.5
   4863     93     1.2

     659.86   5235.30   1310.00     47.25   -114.89
    8  MODEL
   ht-m    dir.   spd-m/s
   1310    265     1.9
   1462    275     2.7
   1957    296     3.2
   2476    350     2.1
   3021     93     1.8
   3598    117     2.7
   4210    124     2.3
   4865    138     1.2

     646.95   5308.75   1797.00     47.92   -115.03
    7  MODEL
   ht-m    dir.   spd-m/s
   1797    234     1.3
   1958    285     1.5
   2477    348     0.6
   3022    123     1.7
   3599    140     2.8
   4212    156     2.7
   4866    176     1.5

     634.16   5381.80   1157.00     48.57   -115.18
    8  MODEL
   ht-m    dir.   spd-m/s
   1157     99     0.3
   1464     62     0.4
   1959     87     1.4
   2478    118     1.5
   3023    149     2.0
   3600    172     2.8
   4212    187     2.9
   4867    204     2.1

     801.51   4876.12   1307.00     43.98   -113.24
    8  MODEL
   ht-m    dir.   spd-m/s
   1307    266     1.9
   1450    276     3.7
   1947    281     4.1
   2468    305     3.4
   3015    333     3.1
   3593     38     1.3
   4206    165     1.6
   4860    162     2.3

     787.79   4951.30    913.00     44.66   -113.37
    9  MODEL
   ht-m    dir.   spd-m/s
    913    312     1.8
    976    323     3.1
   1449    320     3.1
   1946    322     3.3
   2467    331     3.6
   3014    359     4.2
   3592     37     2.7
   4205    108     1.3
   4860    124     2.2

     774.14   5026.13    794.00     45.34   -113.50
    9  MODEL
   ht-m    dir.   spd-m/s
    794    334     2.2
    979    344     3.8
   1451    342     3.7
   1948    342     3.7
   2468    348     4.1
   3014     17     4.0
   3591     46     2.4
   4205     85     1.2
   4860    119     2.0

     760.56   5100.60   1855.00     46.01   -113.63
    7  MODEL
   ht-m    dir.   spd-m/s
   1855    334     2.2
   1950    345     3.1
   2469      4     3.4
   3015     45     3.1
   3592     70     2.0
   4205     94     1.5
   4861    123     1.5

     747.07   5174.71   2312.00     46.68   -113.77
    6  MODEL
   ht-m    dir.   spd-m/s
   2312    326     1.5
   2471     22     2.4
   3017     79     2.8
   3594     97     2.3
   4207    100     1.8
   4862    123     1.5

     733.67   5248.43   1874.00     47.35   -113.91
    7  MODEL
   ht-m    dir.   spd-m/s
   1874    247     0.4
   1954    306     0.9
   2473     40     1.3
   3019    101     2.6
   3596    115     2.9
   4209    120     2.1
   4864    136     1.5

     720.37   5321.77   1573.00     48.01   -114.05
    7  MODEL
   ht-m    dir.   spd-m/s
   1573    167     0.9
   1956    153     0.4
   2476    100     1.3
   3021    124     2.4
   3598    136     2.9
   4211    153     2.2
   4865    176     1.5

     707.17   5394.72   1190.00     48.67   -114.19
    8  MODEL
   ht-m    dir.   spd-m/s
   1190    100     1.1
   1464     85     1.6
   1959    100     2.0
   2478    122     2.6
   3023    155     2.7
   3599    178     2.6
   4211    196     2.6
   4866    208     1.9

     877.09   4890.03   2124.00     44.07   -112.29
    6  MODEL
   ht-m    dir.   spd-m/s
   2124    241     2.3
   2467    259     3.3
   3016    259     2.0
   3595    203     1.6
   4208    191     3.3
   4863    177     4.0

     863.01   4965.14   2125.00     44.75   -112.41
    6  MODEL
   ht-m    dir.   spd-m/s
   2125    285     1.0
   2465    308     1.9
   3013    342     1.4
   3592    123     0.9
   4206    174     2.1
   4861    161     3.3

     849.00   5039.90   2285.00     45.43   -112.54
    6  MODEL
   ht-m    dir.   spd-m/s
   2285    355     1.6
   2465      9     2.4
   3012     44     2.2
   3591     96     1.5
   4205    145     1.5
   4861    148     2.7

     835.06   5114.30   1373.00     46.10   -112.66
    8  MODEL
   ht-m    dir.   spd-m/s
   1373      9     2.0
   1449     20     3.0
   1946     22     2.7
   2466     39     3.0
   3013     74     2.8
   3591    102     1.8
   4205    124     1.2
   4861    148     2.2

     821.18   5188.32   1852.00     46.77   -112.79
    7  MODEL
   ht-m    dir.   spd-m/s
   1852     28     1.4
   1949     43     1.8
   2469     63     2.6
   3015     89     3.0
   3593     99     2.0
   4206    117     1.4
   4862    145     1.9

     807.39   5261.96   2472.00     47.44   -112.92
    5  MODEL
   ht-m    dir.   spd-m/s
   2472     88     1.1
   3017     95     2.8
   3595    106     2.1
   4208    117     1.4
   4864    159     1.8

     793.69   5335.21   2284.00     48.10   -113.05
    6  MODEL
   ht-m    dir.   spd-m/s
   2284    128     1.5
   2474    112     2.3
   3020    108     2.5
   3597    125     1.6
   4209    175     1.1
   4865    186     1.5

     780.08   5408.05   2384.00     48.76   -113.19
    6  MODEL
   ht-m    dir.   spd-m/s
   2384     97     1.4
   2477    126     2.7
   3022    150     2.0
   3598    199     1.8
   4210    226     2.2
   4866    214     2.0

     952.62   4904.29   1279.00     44.15   -111.34
    8  MODEL
   ht-m    dir.   spd-m/s
   1279    243     2.6
   1446    242     3.9
   1943    247     4.3
   2467    248     3.6
   3017    248     3.4
   3597    246     2.9
   4211    224     2.9
   4866    182     3.8

     938.18   4979.35   1847.00     44.83   -111.46
    7  MODEL
   ht-m    dir.   spd-m/s
   1847    256     0.9
   1941    256     1.1
   2464    268     1.0
   3014    243     1.1
   3594    230     1.6
   4208    212     2.1
   4864    166     3.3

     923.80   5054.05   1844.00     45.51   -111.57
    7  MODEL
   ht-m    dir.   spd-m/s
   1844     35     1.2
   1941     43     1.8
   2464     53     1.7
   3012     88     1.3
   3592    163     1.1
   4206    186     1.4
   4863    159     2.8

     909.47   5128.38   2494.00     46.19   -111.69
    5  MODEL
   ht-m    dir.   spd-m/s
   2494     41     2.1
   3012     96     2.6
   3591    145     1.5
   4206    154     1.4
   4863    158     2.6

     895.21   5202.33   2255.00     46.86   -111.81
    6  MODEL
   ht-m    dir.   spd-m/s
   2255     56     2.0
   2467     85     3.0
   3013     96     2.6
   3592    125     1.3
   4206    150     1.2
   4863    163     2.3

     881.02   5275.90   1845.00     47.52   -111.94
    7  MODEL
   ht-m    dir.   spd-m/s
   1845     93     1.9
   1951    110     2.4
   2470    103     2.6
   3015     79     2.5
   3593     88     0.9
   4207    160     0.8
   4864    175     2.2

     866.91   5349.06   1506.00     48.19   -112.06
    7  MODEL
   ht-m    dir.   spd-m/s
   1506    117     1.9
   1955    120     2.7
   2473    110     2.5
   3018     71     2.0
   3595    329     0.2
   4208    225     1.3
   4865    202     2.3

     852.88   5421.81   2070.00     48.85   -112.19
    6  MODEL
   ht-m    dir.   spd-m/s
   2070     95     1.6
   2476    126     2.4
   3020     95     0.5
   3596    266     2.1
   4209    244     2.7
   4866    227     2.6

    1028.09   4918.92    739.00     44.23   -110.39
    9  MODEL
   ht-m    dir.   spd-m/s
    739    260     1.9
    975    258     3.3
   1447    261     3.1
   1944    261     3.4
   2466    265     3.3
   3016    269     3.5
   3597    283     4.1
   4211    286     3.1
   4868    196     1.6

    1013.29   4993.94   1436.00     44.91   -110.50
    8  MODEL
   ht-m    dir.   spd-m/s
   1436    275     0.7
   1447    256     0.9
   1942    273     0.6
   2464    270     0.8
   3013    269     1.3
   3593    275     1.9
   4208    281     1.4
   4866    150     1.6

     998.54   5068.59   2214.00     45.59   -110.61
    6  MODEL
   ht-m    dir.   spd-m/s
   2214     63     1.1
   2463     80     1.7
   3011     92     0.8
   3592    161     0.9
   4207    155     0.6
   4865    140     2.1

     983.83   5142.86   1527.00     46.27   -110.72
    7  MODEL
   ht-m    dir.   spd-m/s
   1527     71     1.9
   1945     90     2.9
   2464     91     3.0
   3011    102     1.9
   3591    153     2.0
   4207    149     1.7
   4865    151     2.4

     969.17   5216.75   2681.00     46.94   -110.84
    5  MODEL
   ht-m    dir.   spd-m/s
   2681     86     2.1
   3012     96     1.5
   3592    166     1.6
   4207    168     2.1
   4866    170     2.5

     954.58   5290.24   1944.00     47.61   -110.95
    7  MODEL
   ht-m    dir.   spd-m/s
   1944    101     1.9
   1951    121     3.0
   2468    110     2.5
   3014     60     1.6
   3593    215     0.5
   4208    197     2.0
   4866    193     3.2

     940.05   5363.33   1715.00     48.27   -111.07
    7  MODEL
   ht-m    dir.   spd-m/s
   1715    114     2.1
   1955    128     3.0
   2472    113     2.3
   3016     40     2.0
   3594    280     1.4
   4208    230     2.5
   4866    210     3.5

     925.60   5436.00   1678.00     48.93   -111.19
    7  MODEL
   ht-m    dir.   spd-m/s
   1678    104     1.7
   1958    128     2.7
   2475    132     1.9
   3019    344     1.7
   3595    275     3.1
   4208    245     3.5
   4866    225     3.6

    1058.12   5157.73   2500.00     46.34   -109.75
    5  MODEL
   ht-m    dir.   spd-m/s
   2500     94     1.9
   3010     78     1.5
   3591    135     2.3
   4208    119     2.7
   4867    113     2.5

    1043.07   5231.57   2379.00     47.01   -109.85
    6  MODEL
   ht-m    dir.   spd-m/s
   2379    102     1.9
   2466    113     2.8
   3012     92     0.8
   3592    175     2.1
   4209    164     2.6
   4868    163     2.3

    1028.06   5305.00   2011.00     47.68   -109.96
    6  MODEL
   ht-m    dir.   spd-m/s
   2011    112     1.8
   2468    119     2.4
   3013     45     0.6
   3593    223     1.7
   4209    204     3.0
   4868    202     3.4

    1013.12   5378.02   1968.00     48.35   -110.07
    6  MODEL
   ht-m    dir.   spd-m/s
   1968    123     1.7
   2471    114     2.3
   3015     17     1.2
   3593    255     2.6
   4209    229     3.7
   4867    217     4.5

     998.24   5450.62   2611.00     49.01   -110.18
    5  MODEL
   ht-m    dir.   spd-m/s
   2611    113     1.2
   3017    325     1.6
   3594    262     3.8
   4208    243     4.6
   4866    228     4.7

     422.40   4811.69    791.00     43.45   -117.96
    8    2  MODEL
    ht-m  temp.-C pr-mb
   1389    7.2      858.52
   1474    8.0      850.00
   1970    4.2      800.00
   2491   -1.1      750.00
   3037   -5.9      700.00
   3613  -10.3      650.00
   4224  -14.7      600.00
   4877  -19.7      550.00

     498.42   4823.92    608.00     43.57   -117.02
    9    2  MODEL
    ht-m  temp.-C pr-mb
    891    7.7      911.08
    994   11.3      900.00
   1470    8.0      850.00
   1967    3.9      800.00
   2487   -0.9      750.00
   3033   -5.9      700.00
   3609  -10.3      650.00
   4221  -15.0      600.00
   4874  -19.7      550.00

     486.05   4899.45    791.00     44.25   -117.17
    9    2  MODEL
    ht-m  temp.-C pr-mb
    755    6.0      925.66
    996   10.3      900.00
   1472    7.0      850.00
   1967    2.9      800.00
   2486   -1.6      750.00
   3031   -5.9      700.00
   3607  -10.0      650.00
   4219  -14.7      600.00
   4873  -19.4      550.00

     473.79   4974.66   1104.00     44.92   -117.33
    8    2  MODEL
    ht-m  temp.-C pr-mb
   1343    4.7      863.40
   1474    6.0      850.00
   1967    1.9      800.00
   2485   -2.4      750.00
   3029   -6.2      700.00
   3605  -10.0      650.00
   4217  -14.5      600.00
   4871  -19.2      550.00

     461.65   5049.54    882.00     45.60   -117.49
    8    2  MODEL
    ht-m  temp.-C pr-mb
   1238    6.0      874.52
   1475    5.5      850.00
   1967    1.4      800.00
   2483   -2.9      750.00
   3027   -6.4      700.00
   3603  -10.0      650.00
   4216  -14.2      600.00
   4870  -18.9      550.00

     449.63   5124.07   1658.00     46.27   -117.65
    8    2  MODEL
    ht-m  temp.-C pr-mb
   1275    9.0      870.71
   1473    6.3      850.00
   1966    1.7      800.00
   2483   -2.6      750.00
   3027   -6.4      700.00
   3603  -10.0      650.00
   4215  -14.2      600.00
   4870  -18.9      550.00

     437.74   5198.25   1645.00     46.93   -117.82
   10    2  MODEL
    ht-m  temp.-C pr-mb
    519   11.2      952.58
    542   14.1      950.00
    996   11.3      900.00
   1470    7.3      850.00
   1965    2.4      800.00
   2483   -2.1      750.00
   3027   -6.2      700.00
   3604  -10.0      650.00
   4216  -14.2      600.00
   4871  -18.9      550.00

     425.99   5272.06   1130.00     47.60   -117.98
    9    2  MODEL
    ht-m  temp.-C pr-mb
    729   11.7      928.52
    993   12.0      900.00
   1467    8.0      850.00
   1963    3.2      800.00
   2482   -1.6      750.00
   3027   -5.9      700.00
   3604  -10.0      650.00
   4216  -14.2      600.00
   4871  -18.7      550.00

     574.33   4836.46    634.00     43.68   -116.08
    8    2  MODEL
    ht-m  temp.-C pr-mb
   1408    5.7      856.60
   1466    7.0      850.00
   1963    3.2      800.00
   2482   -1.4      750.00
   3028   -5.9      700.00
   3604  -10.3      650.00
   4216  -14.7      600.00
   4869  -19.4      550.00

     561.63   4911.89    730.00     44.36   -116.23
    7    2  MODEL
    ht-m  temp.-C pr-mb
   1513    3.7      845.17
   1963    2.2      800.00
   2482   -1.9      750.00
   3026   -6.2      700.00
   3603  -10.3      650.00
   4214  -14.5      600.00
   4868  -19.2      550.00

     549.03   4986.99    754.00     45.03   -116.38
    7    2  MODEL
    ht-m  temp.-C pr-mb
   1575    3.0      838.83
   1964    1.4      800.00
   2481   -2.6      750.00
   3025   -6.4      700.00
   3601  -10.3      650.00
   4213  -14.5      600.00
   4868  -18.9      550.00

     536.54   5061.76   1005.00     45.71   -116.53
    8    2  MODEL
    ht-m  temp.-C pr-mb
   1037    4.2      896.14
   1473    4.8      850.00
   1965    1.2      800.00
   2481   -2.9      750.00
   3024   -6.4      700.00
   3600  -10.3      650.00
   4212  -14.2      600.00
   4867  -18.9      550.00

     524.16   5136.17   1339.00     46.38   -116.69
    9    2  MODEL
    ht-m  temp.-C pr-mb
    783    6.7      923.81
   1000    8.8      900.00
   1472    5.5      850.00
   1964    1.4      800.00
   2480   -2.6      750.00
   3024   -6.4      700.00
   3600  -10.0      650.00
   4213  -14.2      600.00
   4868  -18.7      550.00

     511.90   5210.22   1462.00     47.05   -116.84
    9    2  MODEL
    ht-m  temp.-C pr-mb
    962    9.0      903.52
    996   10.0      900.00
   1469    6.8      850.00
   1963    2.2      800.00
   2480   -2.4      750.00
   3025   -6.2      700.00
   3601  -10.0      650.00
   4214  -14.2      600.00
   4869  -18.7      550.00

     499.77   5283.90   1640.00     47.71   -117.00
    9    2  MODEL
    ht-m  temp.-C pr-mb
    764    9.5      924.77
    992   11.0      900.00
   1466    7.8      850.00
   1962    2.9      800.00
   2480   -1.9      750.00
   3025   -6.2      700.00
   3602  -10.0      650.00
   4214  -14.2      600.00
   4869  -18.7      550.00

     487.77   5357.20   1279.00     48.37   -117.17
    9    2  MODEL
    ht-m  temp.-C pr-mb
    989    7.7      900.08
    992   10.8      900.00
   1466    7.5      850.00
   1961    2.9      800.00
   2480   -1.9      750.00
   3025   -5.9      700.00
   3601  -10.0      650.00
   4214  -14.0      600.00
   4869  -18.4      550.00

     475.91   5430.11    937.00     49.02   -117.33
    8    2  MODEL
    ht-m  temp.-C pr-mb
   1192    4.0      879.40
   1469    5.8      850.00
   1962    1.9      800.00
   2479   -1.9      750.00
   3024   -5.9      700.00
   3601   -9.8      650.00
   4214  -13.7      600.00
   4870  -18.2      550.00

     650.14   4849.34    547.00     43.78   -115.13
    6    2  MODEL
    ht-m  temp.-C pr-mb
   2176    2.5      778.83
   2477   -1.9      750.00
   3022   -6.2      700.00
   3598  -10.3      650.00
   4210  -14.7      600.00
   4864  -19.4      550.00

     637.10   4924.68    706.00     44.46   -115.28
    6    2  MODEL
    ht-m  temp.-C pr-mb
   2244    0.2      772.27
   2477   -2.4      750.00
   3021   -6.2      700.00
   3598  -10.3      650.00
   4210  -14.5      600.00
   4864  -18.9      550.00

     624.16   4999.68   1194.00     45.14   -115.42
    6    2  MODEL
    ht-m  temp.-C pr-mb
   2240   -0.0      772.59
   2477   -2.9      750.00
   3021   -6.4      700.00
   3597  -10.3      650.00
   4209  -14.2      600.00
   4864  -18.7      550.00

     611.31   5074.33   1949.00     45.81   -115.57
    7    2  MODEL
    ht-m  temp.-C pr-mb
   1551    1.7      841.65
   1961    0.9      800.00
   2477   -2.9      750.00
   3021   -6.4      700.00
   3597  -10.3      650.00
   4209  -14.2      600.00
   4864  -18.7      550.00

     598.57   5148.63   1318.00     46.48   -115.72
    8    2  MODEL
    ht-m  temp.-C pr-mb
   1330    4.2      864.67
   1469    5.0      850.00
   1961    1.4      800.00
   2478   -2.6      750.00
   3022   -6.4      700.00
   3598  -10.0      650.00
   4210  -14.2      600.00
   4865  -18.7      550.00

     585.94   5222.57   1034.00     47.15   -115.87
    8    2  MODEL
    ht-m  temp.-C pr-mb
   1432    6.5      853.98
   1466    6.5      850.00
   1960    2.2      800.00
   2478   -2.1      750.00
   3023   -6.2      700.00
   3599  -10.0      650.00
   4212  -14.2      600.00
   4867  -18.7      550.00

     573.42   5296.12   2149.00     47.81   -116.02
    8    2  MODEL
    ht-m  temp.-C pr-mb
   1234    7.5      873.96
   1464    7.5      850.00
   1959    2.9      800.00
   2478   -1.6      750.00
   3023   -5.9      700.00
   3600  -10.0      650.00
   4213  -14.2      600.00
   4868  -18.7      550.00

     561.03   5369.29   1096.00     48.47   -116.17
    8    2  MODEL
    ht-m  temp.-C pr-mb
   1354    6.2      861.22
   1464    7.3      850.00
   1960    2.9      800.00
   2479   -1.6      750.00
   3024   -5.9      700.00
   3600  -10.0      650.00
   4213  -14.0      600.00
   4868  -18.7      550.00

     548.76   5442.07   1035.00     49.13   -116.33
    8    2  MODEL
    ht-m  temp.-C pr-mb
   1238    2.2      873.52
   1469    5.5      850.00
   1962    1.7      800.00
   2479   -2.1      750.00
   3023   -6.2      700.00
   3600   -9.8      650.00
   4213  -13.7      600.00
   4869  -18.4      550.00

     725.86   4862.56    548.00     43.88   -114.19
    5    2  MODEL
    ht-m  temp.-C pr-mb
   2611    0.7      737.04
   3017   -5.9      700.00
   3594  -10.0      650.00
   4206  -14.5      600.00
   4860  -19.2      550.00

     712.49   4937.81    791.00     44.56   -114.32
    6    2  MODEL
    ht-m  temp.-C pr-mb
   2101   -1.5      786.12
   2472   -2.1      750.00
   3016   -6.2      700.00
   3593  -10.0      650.00
   4206  -14.2      600.00
   4861  -18.9      550.00

     699.19   5012.72    913.00     45.24   -114.46
    6    2  MODEL
    ht-m  temp.-C pr-mb
   2019   -1.3      793.92
   2472   -2.4      750.00
   3017   -6.2      700.00
   3593  -10.0      650.00
   4206  -14.2      600.00
   4861  -18.7      550.00

     685.98   5087.28   1289.00     45.91   -114.60
    7    2  MODEL
    ht-m  temp.-C pr-mb
   1802    0.5      815.69
   1956    1.2      800.00
   2473   -2.4      750.00
   3017   -6.2      700.00
   3594  -10.0      650.00
   4207  -14.2      600.00
   4862  -18.7      550.00

     672.87   5161.48   1767.00     46.58   -114.74
    7    2  MODEL
    ht-m  temp.-C pr-mb
   1710    2.5      825.05
   1957    1.7      800.00
   2474   -2.1      750.00
   3019   -6.2      700.00
   3596  -10.0      650.00
   4208  -14.2      600.00
   4863  -18.7      550.00

     659.86   5235.30   1310.00     47.25   -114.89
    8    2  MODEL
    ht-m  temp.-C pr-mb
   1356    4.5      860.94
   1462    6.3      850.00
   1957    2.4      800.00
   2476   -1.9      750.00
   3021   -5.9      700.00
   3598  -10.0      650.00
   4210  -14.2      600.00
   4865  -18.7      550.00

     646.95   5308.75   1797.00     47.92   -115.03
    8    2  MODEL
    ht-m  temp.-C pr-mb
   1385    5.7      857.90
   1462    7.3      850.00
   1958    3.2      800.00
   2477   -1.6      750.00
   3022   -5.9      700.00
   3599  -10.0      650.00
   4212  -14.2      600.00
   4866  -18.7      550.00

     634.16   5381.80   1157.00     48.57   -115.18
    8    2  MODEL
    ht-m  temp.-C pr-mb
   1389    5.0      857.52
   1464    7.0      850.00
   1959    2.9      800.00
   2478   -1.6      750.00
   3023   -6.2      700.00
   3600  -10.0      650.00
   4212  -14.2      600.00
   4867  -18.7      550.00

     801.51   4876.12   1307.00     43.98   -113.24
    6    2  MODEL
    ht-m  temp.-C pr-mb
   2230    1.5      772.66
   2468   -0.9      750.00
   3015   -5.2      700.00
   3593   -9.5      650.00
   4206  -14.2      600.00
   4860  -19.2      550.00

     787.79   4951.30    913.00     44.66   -113.37
    5    2  MODEL
    ht-m  temp.-C pr-mb
   2494   -0.0      747.94
   3014   -5.4      700.00
   3592   -9.5      650.00
   4205  -14.0      600.00
   4860  -18.9      550.00

     774.14   5026.13    794.00     45.34   -113.50
    6    2  MODEL
    ht-m  temp.-C pr-mb
   2077   -0.0      787.52
   2468   -1.6      750.00
   3014   -5.7      700.00
   3591   -9.5      650.00
   4205  -14.0      600.00
   4860  -18.7      550.00

     760.56   5100.60   1855.00     46.01   -113.63
    6    2  MODEL
    ht-m  temp.-C pr-mb
   2241    1.0      771.58
   2469   -1.6      750.00
   3015   -5.9      700.00
   3592   -9.8      650.00
   4205  -14.0      600.00
   4861  -18.4      550.00

     747.07   5174.71   2312.00     46.68   -113.77
    7    2  MODEL
    ht-m  temp.-C pr-mb
   1632    1.7      832.14
   1952    2.4      800.00
   2471   -1.6      750.00
   3017   -5.9      700.00
   3594   -9.8      650.00
   4207  -14.0      600.00
   4862  -18.4      550.00

     733.67   5248.43   1874.00     47.35   -113.91
    7    2  MODEL
    ht-m  temp.-C pr-mb
   1816    3.2      813.72
   1954    2.7      800.00
   2473   -1.6      750.00
   3019   -5.7      700.00
   3596   -9.8      650.00
   4209  -14.2      600.00
   4864  -18.4      550.00

     720.37   5321.77   1573.00     48.01   -114.05
    8    2  MODEL
    ht-m  temp.-C pr-mb
   1054    4.5      892.78
   1461    6.8      850.00
   1956    2.9      800.00
   2476   -1.6      750.00
   3021   -5.9      700.00
   3598  -10.0      650.00
   4211  -14.2      600.00
   4865  -18.7      550.00

     707.17   5394.72   1190.00     48.67   -114.19
    8    2  MODEL
    ht-m  temp.-C pr-mb
   1377    4.7      859.11
   1464    6.5      850.00
   1959    2.7      800.00
   2478   -1.9      750.00
   3023   -6.2      700.00
   3599  -10.3      650.00
   4211  -14.2      600.00
   4866  -18.7      550.00

     877.09   4890.03   2124.00     44.07   -112.29
    7    2  MODEL
    ht-m  temp.-C pr-mb
   1548    2.2      839.52
   1944    3.7      800.00
   2467    0.1      750.00
   3016   -4.4      700.00
   3595   -9.3      650.00
   4208  -14.0      600.00
   4863  -19.2      550.00

     863.01   4965.14   2125.00     44.75   -112.41
    6    2  MODEL
    ht-m  temp.-C pr-mb
   2201    1.7      774.74
   2465    0.1      750.00
   3013   -4.7      700.00
   3592   -9.3      650.00
   4206  -13.7      600.00
   4861  -18.9      550.00

     849.00   5039.90   2285.00     45.43   -112.54
    7    2  MODEL
    ht-m  temp.-C pr-mb
   1548    2.0      839.52
   1943    3.4      800.00
   2465   -0.4      750.00
   3012   -4.9      700.00
   3591   -9.3      650.00
   4205  -13.7      600.00
   4861  -18.4      550.00

     835.06   5114.30   1373.00     46.10   -112.66
    7    2  MODEL
    ht-m  temp.-C pr-mb
   1919    2.2      802.87
   1946    3.2      800.00
   2466   -0.9      750.00
   3013   -5.4      700.00
   3591   -9.3      650.00
   4205  -13.7      600.00
   4861  -18.2      550.00

     821.18   5188.32   1852.00     46.77   -112.79
    7    2  MODEL
    ht-m  temp.-C pr-mb
   1744    2.5      820.55
   1949    2.9      800.00
   2469   -1.4      750.00
   3015   -5.4      700.00
   3593   -9.5      650.00
   4206  -13.7      600.00
   4862  -18.2      550.00

     807.39   5261.96   2472.00     47.44   -112.92
    6    2  MODEL
    ht-m  temp.-C pr-mb
   1969    3.2      799.02
   2471   -1.6      750.00
   3017   -5.7      700.00
   3595   -9.8      650.00
   4208  -14.0      600.00
   4864  -18.2      550.00

     793.69   5335.21   2284.00     48.10   -113.05
    6    2  MODEL
    ht-m  temp.-C pr-mb
   1992    4.5      796.77
   2474   -1.9      750.00
   3020   -5.9      700.00
   3597  -10.0      650.00
   4209  -14.0      600.00
   4865  -18.4      550.00

     780.08   5408.05   2384.00     48.76   -113.19
    7    2  MODEL
    ht-m  temp.-C pr-mb
   1605    5.7      835.73
   1959    2.2      800.00
   2477   -2.1      750.00
   3022   -6.2      700.00
   3598  -10.3      650.00
   4210  -14.2      600.00
   4866  -18.4      550.00

     952.62   4904.29   1279.00     44.15   -111.34
    7    2  MODEL
    ht-m  temp.-C pr-mb
   1826    0.7      811.80
   1943    3.9      800.00
   2467    0.6      750.00
   3017   -3.9      700.00
   3597   -9.0      650.00
   4211  -14.0      600.00
   4866  -18.9      550.00

     938.18   4979.35   1847.00     44.83   -111.46
    6    2  MODEL
    ht-m  temp.-C pr-mb
   2368    1.2      758.88
   2464    0.4      750.00
   3014   -4.2      700.00
   3594   -9.0      650.00
   4208  -13.7      600.00
   4864  -18.7      550.00

     923.80   5054.05   1844.00     45.51   -111.57
    6    2  MODEL
    ht-m  temp.-C pr-mb
   2054    2.5      789.45
   2464   -0.1      750.00
   3012   -4.4      700.00
   3592   -9.0      650.00
   4206  -13.5      600.00
   4863  -18.2      550.00

     909.47   5128.38   2494.00     46.19   -111.69
    7    2  MODEL
    ht-m  temp.-C pr-mb
   1577    3.2      836.74
   1944    3.4      800.00
   2465   -0.6      750.00
   3012   -4.9      700.00
   3591   -9.0      650.00
   4206  -13.2      600.00
   4863  -17.9      550.00

     895.21   5202.33   2255.00     46.86   -111.81
    7    2  MODEL
    ht-m  temp.-C pr-mb
   1707    3.7      824.27
   1947    2.9      800.00
   2467   -1.4      750.00
   3013   -5.2      700.00
   3592   -9.3      650.00
   4206  -13.5      600.00
   4863  -17.9      550.00

     881.02   5275.90   1845.00     47.52   -111.94
    8    2  MODEL
    ht-m  temp.-C pr-mb
   1238    4.2      872.67
   1456    6.3      850.00
   1951    2.4      800.00
   2470   -1.6      750.00
   3015   -5.4      700.00
   3593   -9.5      650.00
   4207  -13.5      600.00
   4864  -17.7      550.00

     866.91   5349.06   1506.00     48.19   -112.06
    8    2  MODEL
    ht-m  temp.-C pr-mb
   1108    5.7      887.20
   1460    6.5      850.00
   1955    2.4      800.00
   2473   -2.1      750.00
   3018   -5.9      700.00
   3595   -9.8      650.00
   4208  -13.7      600.00
   4865  -17.9      550.00

     852.88   5421.81   2070.00     48.85   -112.19
    8    2  MODEL
    ht-m  temp.-C pr-mb
   1236    7.2      873.76
   1465    6.3      850.00
   1959    2.2      800.00
   2476   -2.6      750.00
   3020   -6.4      700.00
   3596  -10.3      650.00
   4209  -13.7      600.00
   4866  -17.9      550.00

    1028.09   4918.92    739.00     44.23   -110.39
    5    2  MODEL
    ht-m  temp.-C pr-mb
   2678   -1.0      730.78
   3016   -3.9      700.00
   3597   -8.8      650.00
   4211  -13.5      600.00
   4868  -18.4      550.00

    1013.29   4993.94   1436.00     44.91   -110.50
    6    2  MODEL
    ht-m  temp.-C pr-mb
   2272    0.2      767.52
   2464   -0.1      750.00
   3013   -3.9      700.00
   3593   -8.8      650.00
   4208  -13.2      600.00
   4866  -18.2      550.00

     998.54   5068.59   2214.00     45.59   -110.61
    7    2  MODEL
    ht-m  temp.-C pr-mb
   1820    2.2      812.66
   1943    2.9      800.00
   2463   -0.9      750.00
   3011   -4.4      700.00
   3592   -8.8      650.00
   4207  -13.0      600.00
   4865  -17.7      550.00

     983.83   5142.86   1527.00     46.27   -110.72
    7    2  MODEL
    ht-m  temp.-C pr-mb
   1715    4.2      822.52
   1945    2.7      800.00
   2464   -1.4      750.00
   3011   -4.7      700.00
   3591   -8.5      650.00
   4207  -13.0      600.00
   4865  -17.7      550.00

     969.17   5216.75   2681.00     46.94   -110.84
    6    2  MODEL
    ht-m  temp.-C pr-mb
   2043    5.2      790.85
   2466   -1.9      750.00
   3012   -4.9      700.00
   3592   -8.8      650.00
   4207  -13.0      600.00
   4866  -17.4      550.00

     954.58   5290.24   1944.00     47.61   -110.95
    9    2  MODEL
    ht-m  temp.-C pr-mb
    977    6.2      900.83
    985    9.3      900.00
   1457    6.3      850.00
   1951    2.2      800.00
   2468   -2.1      750.00
   3014   -5.2      700.00
   3593   -9.0      650.00
   4208  -13.0      600.00
   4866  -17.4      550.00

     940.05   5363.33   1715.00     48.27   -111.07
    9    2  MODEL
    ht-m  temp.-C pr-mb
    962    7.5      902.52
    988    9.8      900.00
   1461    6.5      850.00
   1955    1.9      800.00
   2472   -2.6      750.00
   3016   -5.9      700.00
   3594   -9.5      650.00
   4208  -13.2      600.00
   4866  -17.4      550.00

     925.60   5436.00   1678.00     48.93   -111.19
    8    2  MODEL
    ht-m  temp.-C pr-mb
   1267    8.5      870.38
   1465    6.8      850.00
   1958    1.9      800.00
   2475   -2.9      750.00
   3019   -6.4      700.00
   3595   -9.8      650.00
   4208  -13.5      600.00
   4866  -17.7      550.00

    1058.12   5157.73   2500.00     46.34   -109.75
    8    2  MODEL
    ht-m  temp.-C pr-mb
   1294    5.7      867.59
   1455    5.5      850.00
   1948    1.4      800.00
   2464   -2.4      750.00
   3010   -4.4      700.00
   3591   -8.3      650.00
   4208  -12.7      600.00
   4867  -17.2      550.00

    1043.07   5231.57   2379.00     47.01   -109.85
    8    2  MODEL
    ht-m  temp.-C pr-mb
   1238    7.0      872.52
   1456    5.8      850.00
   1949    1.4      800.00
   2466   -2.6      750.00
   3012   -4.4      700.00
   3592   -8.3      650.00
   4209  -12.5      600.00
   4868  -17.2      550.00

    1028.06   5305.00   2011.00     47.68   -109.96
    9    2  MODEL
    ht-m  temp.-C pr-mb
    962    8.0      902.52
    987    9.5      900.00
   1459    6.0      850.00
   1952    1.4      800.00
   2468   -2.9      750.00
   3013   -4.9      700.00
   3593   -8.5      650.00
   4209  -12.7      600.00
   4868  -17.2      550.00

    1013.12   5378.02   1968.00     48.35   -110.07
    9    2  MODEL
    ht-m  temp.-C pr-mb
    839    8.7      916.52
    989   10.0      900.00
   1462    6.5      850.00
   1955    1.7      800.00
   2471   -2.9      750.00
   3015   -5.9      700.00
   3593   -9.0      650.00
   4209  -12.7      600.00
   4867  -17.2      550.00

     998.24   5450.62   2611.00     49.01   -110.18
    9    2  MODEL
    ht-m  temp.-C pr-mb
    839    9.5      916.52
    992   10.3      900.00
   1465    6.5      850.00
   1958    1.7      800.00
   2474   -3.1      750.00
   3017   -6.7      700.00
   3594   -9.5      650.00
   4208  -13.0      600.00
   4866  -17.4      550.00
