GRIB FILE 1: GRID 255        IDATE 13032612    F  00:  06    VDATE 13032618             18 GRIB MESSAGES
GRIB FILE 2: GRID 255        IDATE 13032612    F  00:  06    VDATE 13032618             18 GRIB MESSAGES
VERIFICATION GRID 255     (  954 X  835 )      796590 POINTS
    PARM LTYPE LEVEL     REC#  VPTS#         MIN         MAX REC#  VPTS#         MIN         MAX  VPTS#  NDIF#  IDIF#      MAXDIF
      61     1     0        1 796590  0.0000E+00  2.9750E+01    1 796590  0.0000E+00  3.6125E+01 796590 274006  82678 -2.1750E+01
      63     1     0        2 796590  0.0000E+00  2.4375E+01    2 796590  0.0000E+00  2.0750E+01 796590 117368  15039 -1.6250E+01
      62     1     0        3 796590  0.0000E+00  0.0000E+00    3 796590  0.0000E+00  0.0000E+00 796590      0      0  0.0000E+00
     154     1     0        4 796590 -1.0000E+09 -1.0000E+09    4 796590 -1.0000E+09 -1.0000E+09 796590      0      0  0.0000E+00
      65     1     0        5 796590  0.0000E+00  1.0875E+01    5 796590  0.0000E+00  1.2125E+01 796590  41663 478643  8.1250E+00
      99     1     0        6 796590  0.0000E+00  2.3000E+01    6 796590  0.0000E+00  2.2250E+01 796590  44442 457691 -1.1875E+01
     235     1     0        7 796590  0.0000E+00  1.8750E+01    7 796590  0.0000E+00  1.8250E+01 796590  34813 643931 -9.8750E+00
     234     1     0        8 796590  0.0000E+00  3.0750E+01    8 796590  0.0000E+00  3.9738E+02 796590  19069 385121 -3.9638E+02
     121     1     0        9 796590 -6.6303E+01  1.1891E+03    9 796590 -8.7455E+01  1.2222E+03 796590 796590 134446 -4.1397E+02
     122     1     0       10 796590 -1.0459E+02  1.0205E+03   10 796590 -1.1151E+02  1.0529E+03 796590 796590 134446  3.9192E+02
     155     1     0       11 796590 -2.6672E+02  1.2603E+02   11 796590 -2.3225E+02  1.1525E+02 796590 796590 187680 -1.3572E+02
     229     1     0       12 796590 -3.7290E+02 -2.8809E-02   12 796590 -3.6154E+02 -3.7109E-02 796590 796590 457691  1.9238E+02
      57     1     0       13 796590 -5.7263E-01  1.0227E+01   13 796590 -7.5531E-01  1.0545E+01 796590 796590 134446 -3.6173E+00
     228     1     0       14 796590 -5.7263E-01  1.0227E+01   14 796590 -7.5531E-01  1.0545E+01 796590 796590  37139  3.8827E+00
     204     1     0       15 796590  0.0000E+00  9.6388E+02   15 796590  0.0000E+00  9.6200E+02 796590 673386 288892  6.7362E+02
     205     1     0       16 796590  0.0000E+00  4.7525E+02   16 796590  0.0000E+00  4.9150E+02 796590 785838 762439 -1.1875E+02
     211     1     0       17 796590  0.0000E+00  4.6462E+02   17 796590  0.0000E+00  4.7025E+02 796590 656419 462459 -1.8000E+02
     212     1     0       18 796590  0.0000E+00  6.4688E+02   18 796590  0.0000E+00  6.4675E+02 796590 774189  64725 -1.1188E+02
SUMMARY:       18 RECORDS READ,          18 RECORDS COMPARED,      16 RECORDS DIFFER.
