
==================================================================================
DOMAIN conus CYCLE 06 FORECAST HOUR 00
lrwxrwxrwx 1 Jeff.McQueen g01 53 Jul 31 21:27 nco_file -> /com/nam/prod/nam.20130731/nam.t06z.smartconus00.tm00
lrwxrwxrwx 1 Jeff.McQueen g01 69 Jul 31 21:27 dev_file -> /ptmp/Jeff.McQueen/smartconus/nam.20130731/nam.t06z.smartconus00.tm00

WARNING : GRIB2 FILES DIFFER

nam AWIPS FILE grib2.awpnamsmart00_awips_f00_06 NOT FOUND

GRIB FILE 1: GRID 197        IDATE 13073106    FHOUR   00    VDATE 13073106             17 GRIB MESSAGES
GRIB FILE 2: GRID 197        IDATE 13073106    FHOUR   00    VDATE 13073106             17 GRIB MESSAGES
VERIFICATION GRID 197     ( 1073 X  689 )      739297 POINTS


dffull FILES ARE DIFFERENT
    PARM LTYPE LEVEL     REC#  VPTS#         MIN         MAX REC#  VPTS#         MIN         MAX  VPTS#  NDIF#  IDIF#      MAXDIF
      17     1     0        2 739297  2.6497E+02  3.0097E+02    2 739297  2.6480E+02  3.0080E+02 739297 739297 443097  6.9226E+00
      51     1     0        3 739297  2.4798E-03  2.3380E-02    3 739297  2.4746E-03  2.2675E-02 739297 739297  40032  7.3051E-03
      33     1     0        4 739297 -1.0830E+01  9.4195E+00    4 739297 -1.1051E+01  1.0449E+01 739297 739297 494958 -8.7792E+00
      34     1     0        5 739297 -9.6420E+00  1.0608E+01    5 739297 -1.1293E+01  9.9565E+00 739297 739297 375679  1.3901E+01
     180     1     0        6 739297  5.5182E-02  1.5155E+01    6 739297  7.4910E-02  1.7075E+01 739297 739297 358771 -1.1020E+01
       1     1     0        7 739297  6.7046E+04  1.0235E+05    7 739297  6.5490E+04  1.0229E+05 739297 739297 298442  1.2556E+04
      71     1     0        9 739297  0.0000E+00  1.0000E+02    9 739297  0.0000E+00  1.0000E+02 739297 469030    262 -1.0000E+02
     212   200     0       10 739297 -2.0000E+01  4.0000E+01   10 739297 -2.0000E+01  4.6600E+01 739297 402868 480028 -6.0900E+01
       7   245     0       11 739297  1.9075E+03  5.1075E+03   11 739297  1.9416E+03  5.1216E+03 739297 739297 179808  1.7459E+03
      20     1     0       12 739297  2.3019E+01  2.4223E+04   12 739297  2.0007E+01  2.4220E+04 739297 739297 407791  2.4203E+04
      31   220     0       13 739297  1.3826E-02  3.6001E+02   13 739297  6.0116E-04  3.6000E+02 739297 739297 133093  3.6001E+02
      32   220     0       14 739297  6.2188E-04  1.3751E+01   14 739297  7.9750E-03  1.4633E+01 739297 739297 452138 -9.2574E+00
      52   220     0       15 739297  1.2916E+01  1.0002E+02   15 739297  1.1622E+01  9.8122E+01 739297 739297 181664  3.4694E+01
       8   220     0       16 739297 -8.9962E+00  4.5851E+03   16 739297 -9.8237E-01  4.9788E+03 739297 739297 516227 -4.5716E+03
     132     1     0       17 739297  1.0000E+00  5.0000E+00   17 739297  1.0000E+00  4.0000E+00 739297 190292 423965  4.0000E+00

